Node   0/  2
 Config file not give. Trying config.input...
 Region            1  - Line            1  - l0=   6301.4979999999996       A
 Region            1  - Line            2  - l0=   6302.4939999999997       A
Node   1/  2
 Reading logTau500 axis...
 Reading T cube...
 Reading v cube...
 Reading B cube...
 Reading thetaB cube...
 Reading chiB cube...
 Reading Ne cube...
(092557.461) * Master -> Slave     1 - sent     288 columns - remaining 82656 -  99.7%
   288121.27465487953     
   555807.67243102938     
   802793.61302258773     
   1029473.5466953303     
   1238852.6783407629     
   1434287.2833039423     
   1617568.3501704917     
   1790410.0088618526     
   1954183.4026684526     
   2109214.4414532422     
   2255695.6612998066     
   2394416.7435399410     
   2526156.1677008150     
   2651692.4425994847     
   2771819.3410036373     
   2887366.2217468945     
   2998982.7186971651     
   3105675.9316821867     
   3206491.5313745821     
   3302260.2563630664     
   3394525.8636315730     
   3486274.3397843232     
   3583931.1692743180     
   3703706.2452175552     
   3878056.7323331870     
   4132056.2731191409     
   4458405.5569405062     
   4858614.3803755846     
   5030321.0499198595     
   5193591.8524885271     
   5337777.3261027504     
   5464050.9653947661     
   5589610.2462173747     
   5728323.7721252637     
   5881639.1381875705     
   6050021.8051148728     
   6232084.6899832729     
   6423589.9966535205     
   6616807.5225787405     
   6801035.8977495665     
   6965799.3184586670     
   7123923.4297658987     
   7292370.0438700169     
   7471663.4272360867     
   7660931.7048528185     
   7858501.3047336368     
   8061034.7742596166     
   8263303.9298957083     
   8468457.8749244474     
   8684340.2827306949     
   8911716.8433010373     
   9148809.6109066121     
   9392042.1025360320     
   9635855.3615296818     
   9881988.2779057678     
   10136851.600982524     
   10400944.800681114     
   10672366.715759147     
   10947914.180749223     
   11227352.216327526     
   11513412.326157162     
   11806154.586028829     
   12103350.074580528     
   12401743.888386413     
   12702674.673193417     
   13008860.584651269     
   13318892.980158024     
   13631296.191300606     
   13944268.080231117     
   14258248.808866501     
   14574283.069081284     
   14891342.093710527     
   15208012.984309336     
   15523410.497061424     
   15838312.915987303     
   16153389.668440482     
   16468110.183951011     
   16781754.774006665     
   17094093.771538194     
   17405518.784652174     
   17716072.885670505     
   18025367.252113752     
   18332900.875347383     
   18638668.868676674     
   18943168.695553061     
   19246587.380822562     
   19548838.939384051     
   19849784.396372177     
   20149357.605680488     
   20447602.444058962     
   20744471.679665044     
   21039792.717406217     
   21333341.157050338     
   21624938.341505975     
   21914857.371083651     
   22203459.263808176     
   22490784.573942032     
   22776857.205005683     
   23061683.126129456     
   23345259.943462215     
   23627563.069223773     
   23908517.136000015     
   24187999.223004665     
   24465843.056245472     
   24741835.940668117     
   25016076.636414036     
   25288850.518777806     
   25563180.402601901     
   25839359.314720791     
   26114338.452886499     
   26388041.673615407     
   26660514.490762308     
   26931871.917529859     
   27202115.619663738     
   27471194.058894806     
   27739028.446388923     
   28005510.678538073     
   28270639.497014452     
   28534591.523771562     
   28797478.793372307     
   29059280.181503046     
   29319951.162750114     
   29579421.935201447     
   29837599.805018630     
   30094584.731180504     
   30350519.974641033     
   30605362.149873875     
   30859039.060274500     
   31111446.921872139     
   31362447.047158666     
   31611934.303181041     
   31860092.339007981     
   32107120.345660187     
   32352966.168413512     
   32597545.881407153     
   32840740.650605675     
   33082394.047152095     
   33322356.937350966     
   33560823.727934487     
   33798043.469941907     
   34033971.217657469     
   34268533.880866967     
   34501628.639862828     
   34733120.668165781     
   34962840.300997451     
   35191100.004049160     
   35418182.864670478     
   35643939.731046401     
   35868350.345846027     
   36091376.618075937     
   36312961.182917885     
   36533025.946895897     
   36751470.179565825     
   37291265.864653394     
   37823632.169048227     
   38349072.005415060     
   38868220.594257548     
   39381548.571381740     
   39888306.977777235     
   40387392.094780192     
   40879803.480251484     
   41366839.896871120     
   41847717.889472418     
   42323195.118897296     
   42794125.371452577     
   43257822.936852358     
   43711691.882244021     
   44157296.008822657     
   44596364.544319175     
   45027165.195377402     
   45450102.581934638     
   45866564.674262561     
   46274523.386123098     
   46670924.176045805     
   47057447.642679803     
   47436327.273401186     
   47804579.390827678     
   48159415.945822448     
   48502407.259282887     
   48835083.051902823     
   49154945.003515117     
   49458889.096332595     
   49747677.207690358     
   50023509.057035625     
   50285846.441916831     
   50534053.819438137     
   50767474.001607418     
   50986257.694257841     
   51191224.532515027     
   51382883.764872432     
   51561588.015325442     
   51727751.563319430     
   51881843.622867495     
rank 1 in job 46  viga_57261   caused collective abort of all ranks
  exit status of rank 1: return code 0 
